================================================================================
method: L-BFGS
  iter             fk          fk/f0         ||gk||      alpha    nls    ngrad
================================================================================
     0   5.650000e+01   1.000000e+00   4.752904e+02 1.0000e+00      0        1
     1   2.743968e+01   4.856581e-01   2.453674e+02 9.7656e-04     10       12
     2   2.119977e+00   3.752172e-02   7.466932e+01 9.7656e-01      3       16
     3   1.673115e-01   2.961265e-03   1.750116e+01 9.7656e-01      0       17
     4   6.367788e-02   1.127042e-03   5.757165e-01 9.7656e-01      0       18
     5   6.355734e-02   1.124909e-03   1.894098e-01 9.7656e-01      0       19
     6   6.352856e-02   1.124399e-03   1.938825e-01 9.7656e-01      0       20
     7   6.328330e-02   1.120058e-03   5.394804e-01 9.7656e-01      0       21
     8   6.281012e-02   1.111684e-03   1.060421e+00 9.7656e-01      0       22
     9   6.148540e-02   1.088237e-03   1.996440e+00 9.7656e-01      0       23
    10   5.857423e-02   1.036712e-03   3.308692e+00 9.7656e-01      0       24
    11   5.319612e-02   9.415243e-04   4.827600e+00 9.7656e-01      0       25
    12   4.482181e-02   7.933064e-04   5.601562e+00 9.7656e-01      0       26
    13   2.619386e-02   4.636081e-04   4.154049e+00 9.7656e-01      0       27
    14   1.169556e-02   2.070010e-04   8.067165e-01 9.7656e-01      0       28
    15   7.884409e-03   1.395471e-04   3.693948e+00 9.7656e-01      0       29
    16   2.648551e-03   4.687700e-05   3.356639e-01 9.7656e-01      0       30
    17   9.651604e-04   1.708248e-05   2.424455e-01 9.7656e-01      0       31
    18   1.765241e-04   3.124320e-06   5.755879e-01 9.7656e-01      0       32
    19   1.431163e-05   2.533031e-07   5.033304e-02 9.7656e-01      0       33
    20   3.308942e-07   5.856534e-09   6.781846e-03 9.7656e-01      0       34
    21   9.843006e-10   1.742125e-11   1.000787e-03 9.7656e-01      0       35
    22   6.835421e-12   1.209809e-13   1.047093e-04 9.7656e-01      0       36
==> Convergence reached.
